
   50


   
25 146
59 32
44 122
139 143
172 31
108 107
129 194
159 137
197 175
81 149
44 45
93 111
41 182
137 27
84 81
81 128
47 150
7 62
175 50
95 141
2 99
118 22
187 77
10 87
165 66
53 179
173 19
31 144
193 95
18 113
16 138
176 169
125 105
164 133
135 65
6 106
191 84
119 154
75 23
1 133
47 34
117 142
177 126
121 173
17 16
87 200
160 154
189 151
127 115
153 68


  
1 ->  31 ->  40 ->  30 ->  36 ->  21 ->  24 ->  18 ->  45 ->  11 ->  41 ->  2 ->  39 ->  22 ->  14 ->  27 ->  5 ->  19 ->  35 ->  50 ->  25 ->  23 ->  37 ->  29 ->  43 ->  48 ->  9 ->  32 ->  47 ->  34 ->  8 ->  4 ->  49 ->  33 ->  6 ->  15 ->  12 ->  16 ->  10 ->  20 ->  42 ->  38 ->  44 ->  7 ->  46 ->  26 ->  13 ->  17 ->  3 ->  28 ->  1

